{"labels": [["40.png", [0.9968341588973999, -0.0020393356680870056, -0.07948270440101624, 0.20215169481245224, -0.0063346633687615395, -0.9985302090644836, -0.053826432675123215, 0.14771557522028447, -0.07925610989332199, 0.05415952578186989, -0.9953818917274475, 2.6883665674758332, 0.0, 0.0, 0.0, 1.0, 4.2647, 0.0, 0.5, 0.0, 4.2647, 0.5, 0.0, 0.0, 1.0]], ["68.png", [0.970650851726532, 0.006239009089767933, -0.24041207134723663, 0.6127268112528917, -0.018948234617710114, -0.9945718050003052, -0.10231292992830276, 0.26801309331342854, -0.2397453784942627, 0.10386551171541214, -0.9652637839317322, 2.6158621593242315, 0.0, 0.0, 0.0, 1.0, 4.2647, 0.0, 0.5, 0.0, 4.2647, 0.5, 0.0, 0.0, 1.0]], ["79.png", [0.928275465965271, -0.015017867088317871, 0.3715900182723999, -0.9480903422619222, 0.0465250089764595, -0.9866448640823364, -0.156100332736969, 0.41049107954124964, 0.36897170543670654, 0.16219234466552734, -0.9151795506477356, 2.4945183455983506, 0.0, 0.0, 0.0, 1.0, 4.2647, 0.0, 0.5, 0.0, 4.2647, 0.5, 0.0, 0.0, 1.0]], ["83.png", [0.9621205925941467, -0.017607295885682106, -0.2720549702644348, 0.6944649589014926, -0.05884633958339691, -0.9878002405166626, -0.14417962729930878, 0.38374912015721135, -0.2661973536014557, 0.15472762286663055, -0.9514190554618835, 2.580785739583299, 0.0, 0.0, 0.0, 1.0, 4.2647, 0.0, 0.5, 0.0, 4.2647, 0.5, 0.0, 0.0, 1.0]]]}